1000 16
3 11 2 7 3 12 10 15 1 13 9 2 6 12 11 4 
2 4 1
22 3 2
13 15 12
8 13 12
2 5 1
6 9 2
14 18 5
22 3 7
22 2 10
19 23 3
11 16 12
10 12 14
7 10 1
4 6 10
15 21 10
10 13 7
17 20 8
5 8 4
2 4 1
8 13 6
11 13 7
17 19 11
6 8 12
23 3 10
23 2 15
5 8 11
4 6 5
16 20 2
16 18 6
15 17 11
0 0 1
4 5 9
19 23 10
12 17 12
16 20 2
17 22 9
17 22 1
22 0 8
6 9 9
18 22 5
5 7 11
22 2 3
11 14 16
14 17 11
0 4 13
21 23 15
12 17 2
14 17 2
3 7 6
3 4 11
2 6 12
23 0 5
9 11 14
8 10 2
13 17 4
5 8 2
3 7 12
7 9 13
14 17 7
6 9 4
6 9 10
21 0 15
0 4 16
11 12 4
10 13 12
10 13 11
10 12 15
2 5 9
21 0 5
22 1 4
12 14 2
9 11 10
8 12 11
2 5 14
11 13 2
4 7 7
2 5 16
6 7 1
21 23 4
8 11 1
19 23 10
6 9 9
7 10 15
11 15 11
0 2 9
1 3 7
12 15 13
9 14 10
3 5 6
22 0 14
3 6 14
12 15 8
13 18 15
20 22 3
14 20 9
1 2 6
1 3 11
14 16 2
16 19 15
18 21 15
1 5 10
5 8 1
9 12 4
11 15 6
20 1 11
6 9 9
7 11 7
5 7 3
8 10 5
15 20 13
11 12 1
4 7 2
2 7 2
13 16 8
3 5 8
3 7 3
2 6 16
7 10 16
19 23 6
8 12 13
17 19 15
14 16 8
16 18 1
3 6 1
7 9 13
20 22 3
14 14 2
8 12 5
7 9 5
4 6 15
23 3 16
16 18 14
12 13 13
1 3 6
15 17 9
2 5 12
11 13 5
21 1 13
18 21 13
0 3 4
14 16 12
8 12 3
6 10 1
21 23 3
4 7 13
15 18 7
1 4 9
9 11 8
9 12 16
13 16 2
19 23 6
23 3 11
15 16 7
13 16 10
10 13 6
15 19 14
7 10 5
14 18 12
2 5 3
8 9 5
23 3 3
4 8 8
9 11 15
17 19 15
2 4 8
20 23 10
10 12 9
4 8 9
5 10 12
8 12 12
18 22 10
16 18 16
3 5 12
9 11 4
0 3 6
11 12 14
16 19 8
7 8 14
21 1 8
22 1 4
13 17 2
20 21 3
8 11 10
6 9 12
19 0 4
11 13 16
16 19 10
12 14 7
17 19 2
17 19 6
12 15 4
13 14 2
8 10 13
2 6 13
20 23 4
6 9 12
8 11 10
2 5 14
3 6 8
8 11 9
5 8 4
5 8 11
22 1 3
23 3 8
1 5 6
6 8 7
15 18 9
13 14 16
1 4 14
8 11 11
6 8 10
22 3 3
18 21 4
8 12 14
17 20 9
7 11 3
8 12 16
2 4 10
5 7 8
21 1 5
2 6 16
18 21 3
11 16 3
16 19 3
4 7 7
16 18 1
2 4 2
11 13 14
21 0 11
17 20 13
16 20 2
2 3 2
14 18 2
11 14 15
8 11 10
2 5 6
12 16 13
23 0 1
8 11 4
5 8 10
5 7 3
17 21 3
5 7 11
20 22 11
4 8 2
17 19 8
1 5 8
22 1 2
9 14 10
21 0 6
20 0 8
4 8 4
6 9 5
20 0 13
21 1 1
1 4 14
21 23 4
1 3 7
13 16 3
2 4 13
12 15 3
4 8 7
21 22 15
6 9 9
5 7 5
3 7 8
9 12 16
22 0 8
1 4 5
14 17 12
8 11 16
22 0 16
13 14 12
6 9 11
7 9 13
0 3 11
17 18 11
1 2 13
2 5 2
19 21 11
15 16 9
13 15 2
11 14 6
3 6 16
22 23 14
2 6 7
18 21 9
17 20 4
9 13 2
13 15 1
12 15 10
6 10 1
7 10 6
0 3 3
18 21 3
12 14 6
20 0 3
0 5 16
20 0 16
2 5 7
12 15 12
20 23 12
4 6 8
11 14 3
12 17 10
23 2 10
14 17 5
21 1 7
21 0 3
22 2 9
16 17 10
17 21 16
22 1 2
0 4 6
12 14 13
12 16 16
20 22 14
6 7 14
1 5 8
23 2 4
19 21 6
1 2 16
5 9 4
10 15 15
9 11 3
18 20 1
21 23 8
10 13 14
21 2 1
13 16 5
11 14 12
9 10 9
9 12 12
9 12 16
7 10 13
12 16 4
6 9 1
21 1 8
6 8 8
15 18 16
3 5 15
14 18 15
13 16 6
11 15 14
15 18 5
6 8 12
12 13 14
16 18 13
1 4 6
21 22 5
0 3 15
4 6 16
19 21 4
18 0 10
12 15 3
11 14 9
2 4 5
10 13 9
12 16 12
20 23 11
16 20 5
17 19 11
19 23 6
8 11 4
2 4 5
4 8 8
7 9 10
7 10 13
23 1 1
19 21 16
13 18 2
15 16 7
20 22 12
18 22 6
4 7 8
11 13 6
9 14 16
20 22 13
16 20 10
7 10 5
15 17 1
22 0 1
5 7 8
18 20 2
13 15 11
22 0 10
23 2 7
6 8 6
8 12 8
12 16 4
7 11 1
5 9 14
10 13 5
12 15 12
2 6 16
2 5 2
22 2 7
0 2 2
9 11 11
11 15 3
1 4 16
16 19 16
4 8 11
6 8 3
20 23 11
1 3 3
13 15 15
20 0 6
17 20 14
5 9 8
10 15 1
7 10 15
10 15 12
17 19 7
6 11 2
4 7 6
17 23 15
22 3 8
8 11 4
16 20 11
6 9 2
10 12 11
4 6 7
13 15 5
15 17 5
23 4 12
22 1 4
9 13 1
17 20 10
22 1 6
3 6 7
20 23 6
18 20 10
17 19 8
2 4 1
17 21 4
10 13 12
8 9 15
10 13 8
18 20 6
21 23 2
1 4 15
3 5 4
1 5 10
3 6 2
7 10 3
22 2 11
6 10 3
20 21 4
20 22 16
10 13 13
0 4 7
13 15 4
11 13 9
2 5 1
9 12 2
19 22 12
6 8 14
19 23 1
0 3 1
9 13 13
9 13 15
3 5 2
14 18 8
22 1 5
18 20 5
6 7 3
14 17 3
8 11 12
13 16 14
18 22 15
0 4 8
7 10 14
20 22 9
7 11 13
18 21 9
0 4 1
22 0 2
10 13 1
10 14 16
12 15 12
9 12 6
7 10 16
17 20 15
9 11 7
8 12 9
22 23 14
0 2 12
4 6 11
18 23 7
9 13 4
0 3 16
4 7 3
19 23 9
19 22 11
18 21 13
13 17 15
8 11 14
14 18 11
3 5 11
18 21 5
8 11 1
23 2 8
5 6 1
8 13 2
8 11 6
5 9 4
19 21 12
9 14 14
5 8 14
15 18 10
6 8 1
11 16 2
20 0 8
4 6 4
5 8 2
3 7 10
1 3 13
1 5 16
6 8 16
1 4 8
0 3 3
8 12 7
3 6 12
13 15 5
17 19 4
23 3 1
5 8 11
1 3 11
23 1 8
0 3 9
0 4 2
17 20 13
21 0 4
2 5 14
7 11 12
10 13 4
5 7 2
13 17 6
20 23 9
5 8 11
2 4 7
0 1 1
7 11 14
16 19 12
8 11 3
13 17 9
21 23 7
10 13 10
0 2 4
1 4 1
2 4 8
4 6 15
22 2 4
4 6 15
13 15 9
23 2 6
4 6 14
12 15 15
8 12 13
1 4 13
4 8 15
13 17 14
17 20 1
7 10 15
7 10 2
19 23 4
2 6 8
12 16 2
7 10 14
21 0 8
10 12 7
16 19 4
16 19 15
4 6 1
0 2 3
4 9 5
11 15 5
8 11 11
22 4 14
15 17 4
0 4 7
6 8 5
18 22 7
23 1 15
21 1 8
11 15 8
23 0 3
19 23 13
7 8 10
5 8 3
8 12 2
8 9 1
19 23 1
13 15 6
18 20 13
1 3 5
13 14 13
9 10 3
15 17 7
12 16 9
9 11 5
15 18 8
16 22 7
15 17 5
12 14 10
21 0 10
12 16 5
9 11 5
7 10 4
2 7 3
17 20 16
19 22 15
7 11 14
19 22 14
7 10 4
20 0 11
3 5 8
12 17 12
17 20 6
23 1 4
9 11 4
2 4 6
11 13 16
13 16 13
22 1 11
13 17 10
0 3 9
12 15 8
20 23 12
20 23 8
23 4 16
2 3 8
21 0 11
16 19 7
20 0 1
3 6 4
19 22 16
21 0 1
9 10 11
16 18 12
7 9 7
8 10 4
2 6 10
16 19 15
0 3 9
5 7 5
16 18 12
12 15 2
15 18 12
11 13 4
3 5 3
3 9 13
20 22 1
9 13 16
6 10 10
18 20 15
15 17 10
23 1 6
19 23 16
22 0 14
1 4 14
12 15 4
12 15 13
19 22 10
10 14 4
10 14 7
23 3 9
6 9 10
22 2 4
11 11 10
18 20 14
16 18 9
14 16 1
17 19 4
21 0 13
20 23 2
18 21 16
15 17 2
15 18 10
7 10 5
19 21 10
12 14 2
8 9 5
11 14 6
19 22 15
15 18 1
5 8 14
18 20 10
5 9 11
7 11 9
0 2 8
18 22 9
16 19 16
6 9 11
22 2 4
21 0 9
21 0 8
18 21 14
15 18 11
15 17 7
4 8 10
18 22 4
5 7 16
13 17 15
14 16 13
9 12 13
0 4 6
11 14 1
17 19 3
14 18 12
20 23 6
14 17 7
2 5 3
3 6 14
1 5 5
16 17 15
17 20 10
8 12 6
16 20 15
11 15 11
1 4 16
18 21 15
9 13 4
4 8 10
3 8 11
19 22 15
8 9 13
16 18 15
20 23 6
1 4 13
10 14 14
1 3 4
5 8 10
2 5 13
2 4 9
8 11 9
1 3 14
8 10 5
16 19 12
11 14 1
21 0 7
19 23 8
6 8 7
10 15 14
10 14 3
21 23 9
17 19 10
12 16 13
4 6 1
11 12 9
13 15 12
20 1 12
9 12 6
20 0 12
12 13 12
6 8 7
10 11 15
0 3 2
14 17 8
21 23 12
15 19 5
2 3 16
12 14 4
21 0 14
1 2 2
22 0 12
23 1 8
15 19 14
12 16 14
23 1 10
3 7 4
16 19 11
16 20 8
4 7 7
10 12 4
19 21 11
10 14 10
1 5 10
9 12 14
6 9 14
0 5 11
7 11 13
15 18 2
3 6 3
8 13 11
7 9 12
0 4 8
22 1 14
17 20 4
14 16 12
16 20 14
20 23 2
10 13 12
13 15 1
16 21 10
13 15 16
0 5 13
21 1 10
11 15 6
3 7 4
15 17 14
2 5 6
13 18 16
17 20 2
11 14 12
10 11 3
12 16 6
16 17 1
5 8 6
12 17 1
19 21 1
13 17 3
18 21 4
4 4 11
9 11 4
1 3 16
16 17 11
16 20 10
9 12 5
6 9 7
14 17 13
14 18 4
3 6 13
4 7 11
6 9 3
19 1 5
21 0 15
23 2 5
22 0 14
4 7 2
16 19 12
22 2 5
5 8 16
5 7 2
11 13 14
2 3 13
19 22 6
7 11 15
21 22 13
11 12 6
18 22 13
5 8 13
9 13 14
18 20 13
4 7 6
3 6 12
10 13 6
0 1 3
20 0 15
15 19 9
9 11 4
11 13 15
10 13 14
3 5 8
7 12 3
19 21 1
20 23 1
15 18 9
10 13 13
16 18 15
23 3 12
7 10 6
2 6 6
6 9 2
23 2 16
13 15 6
10 14 16
21 0 14
0 1 13
21 23 15
19 22 15
19 22 16
10 13 3
5 7 9
23 4 1
7 10 8
21 0 2
16 19 4
11 14 9
4 8 6
13 17 11
9 11 8
19 0 4
4 6 5
6 9 11
19 23 3
17 20 6
10 13 5
2 6 16
11 13 11
14 15 3
14 16 15
5 8 15
8 12 5
11 16 14
2 5 13
16 19 10
0 4 12
12 15 12
15 16 14
16 19 13
15 18 5
1 4 4
1 5 9
7 12 12
5 8 3
4 5 4
17 21 10
18 20 3
5 9 9
23 1 4
19 22 1
23 4 3
9 13 12
1 6 12
23 2 7
1 6 8
3 6 13
16 18 7
5 8 8
5 8 9
21 0 4
2 5 2
8 10 14
7 9 11
17 19 10
19 23 2
8 13 9
6 9 4
3 6 2
22 1 13
4 5 5
0 3 7
14 17 8
12 15 16
14 16 9
23 1 2
2 4 5
22 1 1
9 11 6
3 7 2
14 17 9
15 18 15
15 18 5
1 4 11
12 15 12
12 15 15
18 20 15
2 4 6
11 13 10
10 13 11
19 21 8
6 9 12
8 11 16
17 20 5
10 15 10
5 7 14
6 10 12
10 13 16
15 16 9
13 16 13
11 13 7
23 4 12
11 14 8
18 21 1
9 11 5
0 5 7
13 15 9
16 20 7
18 22 4
6 8 15
8 10 7
12 15 3
17 21 6
11 15 13
12 16 3
11 13 11
6 9 3
14 16 16
14 18 9
6 10 4
19 21 15
18 22 16
14 16 11
0 1 9
9 12 8
22 0 12
23 3 14
18 22 9
22 0 1
23 2 11
14 18 10
18 20 10
20 23 13
15 18 8
0 3 10
10 11 1
7 8 10
15 17 16
