1000 64
59 16 37 38 49 34 55 11 12 39 18 2 57 8 4 36 16 8 6 47 58 23 59 23 45 29 2 33 2 59 21 47 50 61 9 24 10 7 13 5 17 25 38 13 24 38 22 64 27 31 28 15 53 4 9 50 4 63 40 25 18 14 22 62 
11 13 39
0 2 56
22 1 36
22 1 4
3 8 10
8 11 16
0 2 51
10 11 58
22 1 14
9 13 62
10 14 50
16 17 2
1 3 30
1 3 57
7 11 6
3 5 49
13 16 57
0 2 36
10 11 35
22 1 13
7 11 43
14 16 59
16 21 9
23 2 55
21 0 11
20 23 52
13 16 51
9 14 61
12 16 29
7 9 22
6 9 8
17 21 64
4 5 32
14 18 19
19 22 12
10 14 50
5 10 31
18 21 24
2 5 41
22 1 36
7 11 3
18 21 39
4 9 1
16 18 22
20 23 59
2 5 53
1 4 44
6 10 32
7 9 18
22 0 55
21 2 54
16 20 15
21 0 16
0 2 17
22 1 63
3 6 29
20 0 6
5 7 28
23 2 45
1 4 38
3 5 31
22 2 3
15 19 34
13 15 11
16 19 33
4 8 34
12 16 9
19 22 16
2 6 57
21 0 63
17 21 36
5 8 13
11 14 8
3 7 61
20 20 3
1 4 47
0 3 18
5 8 18
21 23 6
1 4 12
14 16 60
0 3 54
6 9 21
13 18 21
13 16 60
13 16 21
17 21 63
13 17 58
14 18 28
3 5 40
1 3 15
5 8 9
5 8 56
4 7 35
11 15 52
20 23 47
7 11 45
19 23 23
10 12 8
4 7 44
20 23 8
0 3 3
0 2 39
8 10 29
14 19 51
9 12 9
16 19 61
14 17 4
10 12 34
22 1 35
19 22 54
15 19 55
6 10 14
18 22 34
16 19 44
2 5 3
13 16 32
19 21 8
4 8 51
7 10 14
21 0 60
11 13 57
16 17 26
1 3 23
19 21 47
18 20 24
3 4 54
5 7 51
4 6 43
14 17 50
7 9 17
13 15 46
12 16 32
18 20 5
1 3 18
23 2 25
1 3 40
20 0 45
8 11 42
5 9 15
3 7 44
16 20 30
15 19 45
15 20 5
8 12 8
19 23 41
16 21 18
4 7 23
18 20 59
18 0 39
3 5 38
4 7 34
14 18 49
7 10 14
10 12 17
8 12 33
3 6 55
11 13 63
11 12 53
6 10 21
21 1 50
16 18 26
15 17 50
6 9 40
4 6 35
1 4 37
21 23 15
2 4 47
21 1 62
0 2 59
6 11 45
22 1 52
10 12 45
15 18 34
0 3 31
21 0 18
23 1 8
10 13 31
5 8 32
4 7 59
1 4 13
2 5 24
5 7 21
6 9 49
8 10 44
12 16 32
2 4 40
12 15 11
7 11 51
6 8 64
3 6 63
8 11 39
22 0 56
1 4 44
7 12 28
23 0 41
10 12 21
18 21 50
14 17 8
21 1 2
15 17 53
5 7 4
20 22 7
19 23 13
19 22 7
7 11 30
11 12 52
20 22 56
8 11 14
11 15 6
7 9 37
23 3 38
14 16 24
6 10 19
13 16 49
17 19 62
2 6 25
0 4 62
6 8 12
2 6 48
6 8 64
18 20 59
4 9 47
21 0 64
3 5 4
5 9 17
6 7 15
0 4 41
7 11 60
4 8 38
5 9 34
22 0 22
12 14 56
3 5 21
5 7 13
12 17 38
8 12 26
3 5 45
21 1 62
16 18 6
10 14 64
20 22 61
20 22 3
19 21 30
14 17 56
11 12 4
7 10 62
4 5 52
15 15 43
7 8 22
11 14 56
12 15 17
11 13 20
8 11 36
21 1 16
12 16 12
23 2 17
11 12 29
4 7 39
12 13 45
9 12 59
23 3 30
16 18 21
7 10 8
21 0 38
2 5 21
6 8 35
16 19 46
17 20 10
14 16 17
22 3 41
12 16 59
18 22 43
17 21 15
12 16 48
21 23 21
11 14 1
3 5 30
17 20 4
8 10 35
19 22 33
10 16 31
12 16 50
8 11 9
1 4 14
8 12 43
4 7 23
11 14 40
22 0 32
20 23 43
23 2 33
23 3 31
0 1 20
17 20 36
2 4 39
13 16 39
3 7 6
11 14 35
18 22 37
12 16 11
15 17 5
1 3 41
7 11 24
6 7 61
19 21 11
11 15 64
13 15 59
11 12 43
7 11 17
11 14 27
21 0 27
22 1 12
6 11 4
5 8 55
21 0 2
8 12 5
20 0 21
4 9 25
18 21 2
20 22 36
15 17 1
12 16 10
16 19 40
14 19 20
9 13 45
15 20 22
8 10 24
8 12 64
19 23 22
1 2 48
12 15 61
21 2 19
2 6 38
12 16 33
3 5 63
3 6 37
19 21 30
0 3 64
5 8 38
2 6 31
8 12 55
23 3 41
11 15 32
10 14 54
5 8 41
16 20 54
6 7 25
9 11 56
13 17 5
17 18 55
14 17 57
4 6 26
15 19 37
9 11 55
10 13 21
18 20 26
20 21 7
5 8 26
21 0 32
14 18 13
5 8 34
5 7 10
9 12 18
2 5 54
4 8 56
3 7 57
1 4 27
7 10 47
7 10 36
1 4 16
19 23 43
13 17 60
6 9 61
11 16 51
1 4 37
15 17 1
4 6 35
4 8 42
15 19 7
20 0 2
7 11 45
18 21 28
5 7 31
3 7 42
15 17 41
13 16 26
2 5 18
16 19 17
4 9 63
17 19 54
16 19 16
7 9 53
15 18 10
12 16 30
15 20 43
19 23 7
20 21 41
5 8 62
7 10 7
20 0 57
14 17 1
15 18 62
22 1 22
17 20 2
16 20 57
18 22 35
18 21 25
22 1 21
12 16 36
17 20 11
15 16 6
0 2 60
23 2 52
15 17 19
21 1 34
21 2 4
15 16 41
15 18 2
14 17 31
14 17 8
1 3 32
9 10 25
22 1 39
18 22 45
21 0 14
5 7 42
8 11 46
6 7 39
17 22 25
16 17 3
23 4 64
6 11 37
16 19 11
20 22 24
14 16 32
22 1 23
22 2 51
7 9 21
1 5 33
6 11 13
4 6 54
7 9 35
16 19 7
20 22 27
2 4 30
15 17 12
3 4 47
14 17 23
14 18 64
17 19 16
20 23 45
5 8 6
4 8 16
21 0 17
4 5 56
2 4 43
5 7 41
3 7 33
22 1 50
11 15 3
13 17 49
20 0 53
19 21 64
15 18 36
6 8 30
15 19 22
2 5 46
6 9 19
2 4 22
4 8 64
17 20 57
13 18 18
22 2 29
8 10 42
19 21 43
0 3 20
21 0 54
19 22 16
2 4 30
6 11 44
8 10 58
10 12 10
19 23 3
23 2 48
4 6 43
2 4 4
11 14 30
4 6 14
20 0 1
0 5 3
11 13 11
1 4 9
7 9 40
12 14 62
22 1 18
20 23 60
11 14 50
22 1 47
3 7 5
18 21 4
21 1 47
23 4 43
20 1 61
4 8 49
17 19 44
19 23 48
2 7 6
5 6 56
10 12 43
5 9 40
19 22 4
15 18 36
15 19 63
16 18 59
22 1 13
6 8 4
7 10 28
18 20 57
14 17 26
12 13 45
10 13 29
17 22 18
17 20 56
18 22 9
12 15 8
17 20 57
14 18 64
8 11 56
2 4 45
6 9 4
5 8 15
8 11 53
23 4 53
13 17 24
20 22 12
20 23 10
21 1 56
3 5 44
21 0 64
16 19 7
20 0 57
8 11 58
19 22 3
23 0 52
22 0 27
2 5 47
21 1 36
8 12 7
15 19 63
8 11 53
14 17 61
20 23 64
3 7 2
21 22 40
15 19 32
20 22 40
13 18 54
9 13 22
9 13 25
12 16 39
17 21 11
11 12 48
12 15 31
9 12 1
20 23 47
9 14 23
13 15 64
10 12 51
2 5 4
8 10 10
23 2 11
6 9 22
20 22 47
3 5 34
8 12 20
1 3 13
5 7 43
6 10 50
14 17 24
11 15 1
11 13 6
15 17 58
19 21 13
12 13 23
23 1 51
13 16 21
12 15 20
11 14 44
17 20 60
7 7 24
22 3 20
11 14 51
14 18 5
18 21 2
10 13 34
23 1 1
0 5 7
11 14 42
2 5 24
11 14 20
21 1 41
22 1 28
12 14 61
11 14 31
4 7 41
6 10 49
4 9 59
1 4 56
3 7 21
8 11 41
1 4 64
0 3 19
9 13 60
4 7 56
1 4 57
1 6 12
18 21 23
20 0 38
0 2 46
11 16 33
11 16 8
22 1 10
10 13 15
18 20 4
9 12 43
7 10 39
0 3 17
1 3 27
18 22 51
22 3 59
5 8 34
11 13 45
13 16 43
11 12 34
20 23 64
16 18 14
3 7 34
12 16 13
6 10 57
14 18 22
5 10 52
0 4 29
5 8 48
8 11 44
9 12 40
0 4 14
6 7 46
21 23 20
21 23 45
20 22 38
11 14 47
6 10 56
14 17 44
22 2 57
5 9 32
8 11 9
3 5 37
7 11 51
21 23 27
12 14 9
17 20 45
22 0 1
11 12 32
9 14 20
19 22 44
15 19 24
1 3 18
0 4 50
5 9 64
0 4 57
18 19 10
6 9 37
15 17 63
17 20 7
2 4 4
14 18 31
0 3 52
10 13 59
9 12 62
15 18 48
10 12 52
3 7 57
9 12 53
9 11 42
12 15 28
10 14 41
8 10 1
4 7 38
19 21 43
5 10 3
14 17 26
11 14 18
9 11 48
10 14 48
20 22 1
7 10 13
17 19 58
21 22 19
15 18 40
8 10 34
19 23 17
1 5 39
14 19 10
13 15 36
6 8 63
10 13 31
5 9 56
10 13 64
3 7 61
16 20 58
3 7 36
8 13 21
4 6 53
14 16 41
4 9 30
6 8 49
3 6 40
8 11 26
9 12 29
23 3 59
5 7 53
20 0 52
5 7 63
0 3 19
15 17 35
15 17 7
22 1 44
17 20 19
17 19 12
23 3 46
15 20 44
22 2 47
17 21 15
11 15 21
9 12 27
16 20 36
7 9 31
13 15 31
18 22 50
15 18 15
10 13 40
18 20 17
22 1 21
15 16 64
12 14 3
13 16 13
11 15 7
16 19 15
9 11 14
23 2 52
9 13 38
12 15 2
10 15 25
8 10 37
10 13 50
16 18 13
21 23 12
0 3 5
9 12 31
4 7 16
1 5 35
16 19 15
0 4 61
8 11 57
15 17 26
18 20 16
14 16 48
16 19 63
14 17 26
16 18 47
0 2 33
23 3 60
18 21 62
11 16 41
20 23 16
9 11 24
13 17 14
13 16 38
4 7 30
10 14 46
10 12 45
0 1 19
6 9 59
0 3 62
2 5 57
21 0 32
17 20 50
4 8 6
12 14 63
22 23 44
8 11 57
15 20 4
13 15 39
18 20 31
7 9 57
21 0 9
17 22 5
6 9 7
14 17 52
20 1 38
12 16 44
6 9 35
20 23 62
21 23 14
23 2 7
3 6 50
16 18 28
18 0 19
16 20 52
20 21 21
13 15 48
11 16 18
6 9 40
11 15 21
9 13 21
22 1 24
18 21 2
0 2 26
21 0 34
19 21 35
20 21 47
16 19 23
23 3 14
6 8 14
11 15 37
23 2 18
7 10 3
19 22 26
22 0 36
2 6 58
5 8 57
22 1 20
16 18 3
7 11 50
10 12 29
18 20 55
20 0 52
21 0 51
23 0 48
18 19 1
2 6 34
5 9 13
20 0 19
3 6 59
5 8 58
17 19 27
9 13 64
14 16 4
1 5 54
8 11 22
3 6 40
16 18 2
2 4 21
2 7 27
10 13 47
2 4 48
12 15 2
1 3 50
11 14 60
3 7 15
16 19 57
10 14 63
10 13 45
4 8 30
3 6 63
0 3 2
2 5 49
20 23 52
10 13 50
3 4 20
4 8 22
7 12 33
9 11 10
1 3 39
22 2 19
11 13 24
12 17 45
13 16 10
21 23 32
11 14 9
11 13 46
5 9 4
2 7 23
3 7 62
9 9 40
21 1 10
8 10 49
23 2 33
3 7 18
13 15 58
18 21 37
8 12 2
20 1 52
8 10 43
13 17 40
7 10 1
7 11 36
5 8 52
23 23 14
7 11 16
4 7 51
18 22 58
22 2 5
1 5 46
19 22 53
20 0 34
14 16 56
11 12 24
1 1 39
3 6 51
17 19 48
18 22 22
6 10 9
16 19 13
2 4 61
22 3 19
8 9 22
17 18 17
7 10 54
13 15 8
2 5 45
12 16 15
4 7 9
11 14 47
7 10 32
14 17 28
7 9 21
16 19 46
3 6 17
6 8 8
1 2 9
4 6 6
6 10 56
17 19 36
11 15 43
2 6 25
19 23 29
15 18 31
10 13 39
15 17 26
6 10 50
17 19 22
6 9 42
12 16 3
23 3 35
6 8 41
15 19 58
17 20 63
9 12 13
3 6 23
5 7 48
16 19 12
3 6 64
14 16 9
2 4 2
23 3 33
18 20 57
11 14 17
16 18 29
1 4 26
21 2 21
21 0 52
16 21 48
2 6 7
18 0 56
8 12 56
5 8 38
7 10 8
7 12 64
16 19 63
12 14 24
11 15 50
3 6 47
2 5 61
16 20 50
11 15 27
16 19 15
17 20 51
0 3 35
19 23 55
12 14 48
18 21 44
15 18 55
3 7 22
13 16 21
15 19 20
5 10 28
18 23 11
6 9 59
3 5 40
9 13 64
1 4 41
13 15 1
4 7 32
20 22 15
6 9 29
22 1 49
14 16 39
10 13 48
22 1 46
