1000 20
5 19 16 10 18 4 8 20 3 8 19 17 20 15 17 2 7 2 14 14 
7 10 2
23 1 4
4 7 18
7 10 5
7 10 4
0 3 2
14 18 8
20 0 20
6 9 7
12 14 10
3 6 14
3 6 18
2 5 11
9 11 17
5 7 10
18 21 6
9 13 18
11 14 10
6 9 13
18 20 4
5 8 20
17 20 1
2 6 5
23 2 12
0 3 9
19 21 17
22 1 19
16 19 15
17 17 6
11 14 6
8 11 8
2 6 3
2 6 6
13 14 20
0 2 5
6 9 1
20 21 7
2 8 11
12 16 18
18 21 9
6 8 15
1 4 13
1 5 15
7 12 2
0 2 20
8 10 2
4 7 5
14 16 12
6 10 8
6 10 7
2 8 9
0 3 9
4 6 3
20 23 5
7 11 18
16 19 4
23 3 4
17 20 14
16 21 6
5 9 1
19 22 6
0 2 12
19 22 17
0 3 12
9 11 15
5 9 3
3 6 6
12 15 12
6 8 20
22 23 16
4 7 18
16 19 14
2 5 3
20 0 7
1 4 14
10 12 17
12 14 9
15 19 3
5 7 7
5 7 5
23 3 13
18 20 9
19 21 9
21 0 13
3 7 4
16 20 13
14 17 7
19 20 7
23 2 3
4 8 10
13 17 9
9 12 7
9 13 9
5 7 18
21 1 12
11 16 4
19 23 17
4 9 9
17 20 14
12 14 2
4 7 11
10 15 12
11 14 6
13 17 3
13 16 2
5 8 11
10 13 20
21 23 11
20 22 17
21 0 12
22 1 9
1 3 19
4 7 12
4 6 8
20 23 19
11 14 2
23 2 2
15 18 12
7 11 13
20 22 1
7 9 7
15 17 18
7 9 15
5 7 11
0 2 16
12 16 15
1 3 5
18 20 3
15 19 2
6 9 19
16 19 13
3 6 4
13 16 12
2 6 17
20 0 18
23 2 15
20 0 15
14 17 4
1 5 14
16 19 13
6 11 6
22 2 16
0 5 17
10 13 7
16 18 13
21 0 13
12 15 19
7 9 13
6 8 12
22 1 16
6 8 15
19 22 8
8 12 20
16 19 10
20 22 12
21 0 10
5 7 18
20 0 12
18 21 2
1 5 16
6 7 3
23 2 17
2 5 16
17 21 15
9 11 8
1 2 20
5 8 14
18 22 20
5 8 5
5 8 19
6 12 12
8 11 19
10 13 15
4 4 19
23 3 10
8 11 4
16 18 11
15 19 4
23 1 3
7 11 6
18 20 5
1 2 14
2 5 5
11 16 14
10 13 10
0 5 15
2 6 1
1 2 11
9 12 17
21 0 8
19 23 10
8 13 20
4 5 8
9 13 10
0 1 15
6 8 11
5 9 18
7 10 9
16 19 19
3 8 3
23 3 10
14 17 12
20 23 1
12 14 11
9 11 7
3 6 18
23 1 6
6 10 15
16 19 10
8 11 8
18 21 13
18 21 6
17 20 19
4 9 7
3 6 17
20 0 4
12 16 7
1 5 15
5 8 9
12 16 17
16 20 19
19 23 19
11 13 4
15 17 8
21 23 19
1 4 13
9 12 5
4 6 8
0 3 5
21 1 12
9 11 5
10 13 14
9 10 3
7 11 18
21 1 17
13 14 20
11 14 16
17 20 15
20 21 6
16 19 11
18 21 1
14 16 15
3 6 19
16 19 8
6 9 12
10 11 4
13 15 13
15 17 10
12 16 12
10 12 10
8 10 1
18 21 2
18 21 4
17 21 12
1 3 13
9 11 4
3 6 14
16 18 12
13 16 3
12 14 4
1 5 5
11 15 20
20 23 9
10 14 19
10 14 12
11 15 4
2 4 15
10 14 19
3 6 17
6 7 7
10 14 4
18 20 3
13 17 17
10 13 9
11 15 9
5 8 20
23 3 16
13 16 4
3 7 20
9 12 10
3 5 18
10 14 5
12 17 12
11 13 3
10 13 17
0 1 15
18 21 7
11 13 13
21 23 8
23 2 15
19 20 1
18 20 12
21 0 4
9 13 13
9 12 14
10 13 16
21 0 5
19 23 18
15 16 5
19 22 4
12 16 15
12 13 20
14 17 14
11 13 20
23 2 4
3 8 13
19 23 1
18 21 5
0 3 9
20 22 20
22 1 5
21 22 1
1 2 16
3 7 5
14 16 13
19 23 17
2 5 10
6 9 5
4 8 15
20 0 11
6 9 5
6 9 4
12 16 1
12 14 10
20 0 19
4 7 10
9 10 2
1 5 6
11 13 3
18 22 14
20 22 17
18 22 10
10 14 13
11 14 3
1 4 17
17 19 4
12 15 15
12 16 15
21 23 7
19 0 15
12 15 9
4 9 11
3 6 8
8 10 15
15 19 11
19 22 1
5 8 7
15 17 7
21 1 2
16 20 8
14 17 4
16 20 16
13 16 13
4 7 10
11 15 13
21 23 4
19 23 5
12 15 4
15 17 14
15 17 20
15 17 9
10 12 19
7 10 17
12 17 18
13 17 19
10 15 11
0 2 12
10 13 12
0 3 5
21 23 19
4 8 7
8 11 9
0 4 18
6 9 7
18 22 6
7 9 17
5 8 6
21 1 8
9 13 1
12 16 6
1 5 6
9 13 13
16 18 1
15 19 15
10 14 13
20 22 9
7 10 15
0 2 6
10 13 16
14 17 16
9 11 15
3 5 19
8 10 19
18 22 16
4 6 8
2 4 20
9 13 2
5 6 9
8 11 11
20 22 8
17 21 20
13 14 11
22 1 5
6 9 18
20 23 6
12 14 4
13 18 14
9 11 3
13 15 6
8 12 11
11 12 3
4 5 9
9 11 13
10 13 5
20 22 15
12 16 7
8 10 4
16 19 6
7 9 19
1 3 18
17 19 20
2 8 3
17 18 5
22 1 17
20 22 5
0 2 2
3 7 13
6 9 17
7 9 12
23 1 7
18 22 9
3 7 2
1 4 8
10 13 18
22 0 20
13 17 4
8 12 19
1 5 10
16 19 14
3 7 5
20 21 4
8 9 6
1 3 1
19 22 7
12 14 6
14 18 7
6 7 18
23 1 3
11 13 15
19 22 20
9 13 8
5 9 6
11 15 12
8 12 14
12 14 15
16 20 10
16 17 5
14 17 1
16 20 6
12 15 17
8 11 1
21 0 9
17 20 14
20 23 13
2 6 15
19 21 19
18 22 8
6 9 3
3 7 17
18 21 3
18 20 9
7 11 17
23 4 10
21 0 8
20 22 6
8 11 10
23 1 11
0 2 5
13 15 8
1 3 7
7 11 16
11 14 7
12 14 16
6 10 13
10 15 12
16 19 8
7 9 18
0 2 1
22 0 16
23 1 10
22 1 5
9 10 19
1 4 20
9 12 5
13 16 9
16 18 17
0 1 3
12 14 5
8 9 9
12 13 4
13 16 5
1 4 4
16 17 8
4 6 17
20 0 14
15 17 19
5 8 5
0 2 11
14 15 8
23 4 5
9 12 6
18 21 5
11 15 7
2 6 10
5 10 11
13 17 16
6 10 15
3 6 5
6 8 11
5 9 2
16 19 7
19 23 11
17 20 19
4 8 11
1 4 20
23 2 1
1 6 11
18 21 19
4 6 15
13 17 7
13 14 3
6 9 6
23 2 3
15 17 12
16 17 8
21 0 20
21 23 7
16 18 18
11 14 18
12 17 3
20 22 13
12 15 3
5 9 11
15 19 11
16 19 13
18 21 8
19 21 2
0 1 9
23 2 15
15 18 7
10 13 2
1 6 12
0 3 8
9 12 9
19 23 10
23 1 1
23 2 14
7 11 17
1 3 3
2 4 12
20 23 7
3 6 3
11 15 4
21 0 9
3 6 19
16 17 1
7 9 18
22 1 19
22 0 17
21 1 7
1 4 18
14 16 19
23 2 18
21 0 4
10 12 15
17 19 12
6 9 6
4 6 2
13 15 8
23 4 18
5 8 16
11 13 12
22 2 4
23 4 14
13 15 4
13 17 10
11 14 9
15 18 12
1 2 16
7 10 7
12 14 16
18 22 20
18 21 4
9 12 17
14 16 16
14 16 1
0 1 19
16 19 11
2 6 16
4 7 19
15 19 20
19 21 5
15 16 15
4 7 2
14 18 14
17 19 10
2 6 20
12 15 1
18 19 18
1 4 11
12 14 8
22 1 2
9 10 4
4 7 8
13 16 5
8 12 5
0 4 8
8 10 8
11 13 8
15 18 16
23 2 20
3 6 20
16 19 15
20 21 3
16 18 5
19 22 15
4 6 4
8 10 8
11 14 19
13 15 17
16 19 14
11 14 14
15 18 17
7 10 6
19 20 18
9 11 19
2 4 10
3 5 14
16 18 11
3 5 18
21 23 20
17 21 20
0 3 20
0 4 18
22 2 19
12 16 9
18 22 18
18 21 19
16 20 17
2 6 16
10 12 13
3 6 5
12 14 15
10 13 13
15 17 18
19 22 19
6 10 14
0 4 17
2 5 9
3 6 15
1 3 9
3 7 5
1 4 11
9 13 9
14 16 1
5 9 14
8 11 10
10 12 15
6 9 18
18 21 12
3 6 8
14 15 9
20 0 13
7 10 14
6 9 8
22 3 5
15 18 14
13 17 1
15 18 8
22 0 3
12 15 5
21 1 13
11 14 20
14 17 15
4 8 12
1 3 20
15 17 16
2 4 18
10 13 13
7 11 2
4 8 10
1 4 10
19 22 16
17 21 2
9 11 13
0 3 2
14 17 16
10 13 18
11 14 5
13 17 1
6 9 13
19 21 7
7 9 6
17 21 20
9 12 7
4 8 20
10 16 8
4 9 2
18 22 9
0 2 15
4 6 1
9 11 10
6 10 8
14 18 5
23 3 17
8 12 11
9 12 20
12 14 8
6 10 11
4 7 12
15 18 8
22 2 20
10 12 1
17 20 10
12 16 10
21 0 9
13 16 2
0 4 1
9 13 9
18 20 18
15 19 11
1 4 13
3 6 13
5 7 5
17 20 8
4 9 13
0 3 15
5 8 2
17 19 11
20 22 12
11 16 14
6 8 20
15 17 8
4 6 4
18 21 14
22 0 12
14 17 17
5 9 1
21 0 19
14 16 12
5 8 19
13 17 5
0 2 5
6 9 12
6 10 16
5 8 3
3 6 2
17 20 18
15 17 20
16 20 6
0 3 10
19 22 15
20 23 19
2 7 17
17 21 7
13 16 4
20 23 6
2 4 3
22 0 13
3 4 2
4 6 2
10 13 1
5 8 19
23 3 6
9 12 7
4 6 12
8 12 17
18 21 20
17 20 18
22 0 1
20 23 4
23 1 10
23 1 9
5 7 19
10 15 4
9 12 2
18 23 14
11 13 12
18 22 19
20 23 20
8 10 5
13 15 2
21 2 8
1 3 10
4 5 20
19 22 10
2 2 15
11 14 11
18 21 10
2 6 2
18 22 6
23 1 14
14 17 6
4 7 17
16 18 2
13 14 19
18 21 7
10 12 17
6 8 20
16 17 1
11 13 17
23 3 11
13 17 7
3 8 15
7 10 17
7 11 11
15 18 8
6 8 8
16 18 7
6 9 18
23 4 6
4 8 20
12 16 6
19 19 8
6 9 12
21 1 16
23 2 8
10 13 10
3 6 2
5 9 10
10 14 4
10 13 3
22 0 19
14 16 12
10 12 5
11 12 20
13 14 1
4 5 17
23 2 12
6 11 11
4 7 10
1 4 14
5 7 12
15 19 6
23 2 14
6 9 19
20 23 11
19 22 11
10 11 19
5 7 15
17 22 8
3 6 10
17 21 3
12 17 4
17 19 20
1 5 10
7 11 14
17 20 12
9 12 3
10 13 12
8 10 8
18 21 3
12 16 3
10 14 13
2 4 2
10 13 7
13 15 15
14 19 10
4 7 16
0 3 2
19 23 18
22 2 2
23 1 17
20 23 7
23 1 19
22 1 10
3 6 9
4 7 17
9 12 11
7 12 17
7 11 18
16 21 5
18 21 20
6 8 10
8 13 1
6 9 17
4 6 6
14 16 12
1 4 1
10 12 14
2 5 11
12 15 12
18 21 13
16 21 8
19 21 13
2 5 19
2 6 12
10 12 3
23 3 4
17 19 8
19 22 20
5 8 13
8 12 20
15 18 6
19 21 19
12 14 12
10 13 15
11 15 13
19 20 9
5 9 5
6 8 11
6 9 6
13 17 9
18 22 4
17 20 4
6 8 16
1 5 11
1 4 9
10 13 12
13 16 20
15 18 2
12 16 4
8 11 9
23 3 18
11 13 9
6 9 4
2 6 10
11 14 15
22 2 13
9 12 3
6 10 11
8 11 9
0 3 8
8 11 10
11 12 12
2 4 15
18 20 12
11 13 2
0 5 7
23 2 14
17 21 5
22 2 8
3 6 12
11 14 8
19 21 20
20 23 13
13 16 14
19 22 5
6 8 19
0 4 5
6 8 10
4 5 9
23 2 6
8 12 6
20 22 5
7 9 6
10 12 17
18 21 19
21 23 20
16 21 19
3 6 12
20 22 9
2 5 17
16 18 12
18 22 20
14 19 6
7 9 17
9 13 11
12 15 20
5 8 20
21 1 12
10 13 11
16 19 9
14 16 10
9 12 4
5 9 12
22 2 4
7 12 11
14 16 14
3 6 14
9 11 3
15 18 4
21 1 1
21 0 2
4 7 10
16 20 3
2 4 7
23 2 12
10 12 9
16 18 3
2 6 13
20 21 3
18 22 19
10 13 7
4 8 12
22 1 18
8 12 6
0 2 9
16 18 18
12 14 10
