100 10
7 10 9 6 6 5 9 8 5 2 
5 7 1
19 20 8
12 14 6
18 20 1
1 4 8
12 15 8
10 12 8
13 15 1
23 2 3
13 16 7
7 9 1
19 23 8
5 10 7
18 21 10
13 15 9
9 11 7
10 13 4
18 23 4
20 22 8
11 14 6
17 20 2
3 8 4
20 23 6
6 11 6
8 11 5
8 11 4
0 3 7
6 8 4
9 12 2
16 19 5
1 3 7
0 5 5
20 0 5
9 11 2
13 18 6
1 3 6
17 21 7
13 16 2
19 21 10
19 23 3
20 0 10
20 22 6
3 7 6
8 10 4
19 22 9
19 21 2
21 0 10
14 18 9
6 11 7
7 10 1
13 16 1
9 10 6
1 7 2
15 18 8
17 18 4
0 3 4
2 5 4
16 20 3
11 15 4
7 10 8
8 9 4
1 4 2
12 14 5
9 12 5
8 11 7
1 3 7
22 0 7
22 1 4
4 6 3
14 16 10
21 1 2
0 2 7
13 16 3
23 2 4
3 8 6
3 6 8
16 18 6
10 13 9
12 15 9
8 12 9
5 8 2
22 1 7
8 10 4
5 9 10
19 23 4
20 0 1
9 12 4
3 5 6
9 11 2
16 19 6
14 18 5
18 19 2
21 1 7
13 15 9
22 23 9
14 17 1
6 9 5
2 5 1
23 3 3
16 19 1
