1000 32
30 7 23 15 21 8 30 14 5 15 24 25 29 11 14 5 12 9 13 30 3 17 1 21 7 12 27 3 2 21 22 19 
22 3 6
5 8 6
11 14 17
14 18 32
6 9 18
23 3 24
4 7 7
13 15 21
11 14 3
7 10 13
18 22 24
18 22 11
20 22 5
15 18 27
8 10 21
14 18 13
23 2 26
23 2 28
12 15 5
17 20 5
7 8 30
9 12 14
21 1 9
11 13 9
14 17 11
16 18 1
13 17 23
22 1 15
17 20 30
15 19 12
7 8 18
17 21 14
23 2 30
6 8 17
8 11 4
13 16 7
11 14 19
17 20 6
18 19 25
22 1 13
18 21 25
20 22 5
0 4 10
11 15 31
2 5 1
17 19 17
23 1 19
14 16 8
21 0 31
1 5 9
1 6 30
20 22 19
18 23 17
9 12 11
20 22 8
8 10 21
7 12 25
13 17 16
18 20 23
11 15 32
17 20 29
13 16 18
10 14 25
15 17 26
19 21 19
18 21 5
18 22 28
5 7 14
2 5 2
13 17 3
22 1 23
15 19 2
23 2 31
16 19 21
2 6 8
13 14 24
22 1 19
14 16 5
20 22 23
16 19 19
6 11 18
22 1 18
15 19 18
0 3 3
3 5 28
5 8 6
0 5 12
15 17 24
9 13 8
20 22 21
15 18 4
15 18 22
9 12 7
1 3 24
23 1 8
20 0 25
19 23 22
12 14 10
4 8 21
13 15 10
13 16 29
13 15 29
14 19 12
2 4 28
12 14 4
14 16 17
13 16 6
17 21 9
19 23 22
4 7 9
5 7 21
5 7 16
12 18 13
22 1 32
0 3 22
22 1 14
5 9 21
7 10 32
4 4 26
9 11 17
10 13 29
19 22 4
2 5 1
6 9 11
11 12 6
14 18 18
9 12 4
14 17 9
1 5 2
1 5 12
10 12 31
16 20 27
7 10 10
6 10 19
15 17 7
1 5 6
15 19 13
6 9 13
9 11 30
19 22 20
18 21 18
1 4 32
0 4 1
0 3 16
14 17 20
20 0 27
11 15 17
21 1 2
21 1 21
19 22 10
12 16 22
18 22 7
13 17 16
20 22 31
13 14 29
7 8 29
7 9 29
22 1 5
22 1 3
18 19 17
14 16 9
16 20 15
12 14 26
22 1 15
8 10 14
22 2 15
10 13 12
9 13 29
8 11 18
6 10 3
3 7 31
13 17 32
10 13 7
7 11 27
2 5 29
3 8 17
18 20 17
2 6 5
13 17 32
23 3 32
21 1 23
17 20 3
3 6 15
2 5 3
6 8 24
18 21 20
3 8 5
9 11 27
6 9 14
17 20 16
1 4 13
7 9 23
12 14 29
5 7 30
8 11 31
22 1 18
1 4 8
18 19 15
14 17 7
12 17 12
4 6 25
4 6 15
0 4 7
19 22 28
17 18 26
16 17 10
19 0 14
20 21 7
21 0 18
8 11 26
23 2 24
6 10 3
18 21 3
22 3 26
20 0 16
22 2 32
3 6 3
7 9 6
4 9 25
3 5 3
0 2 28
19 23 24
12 15 32
15 18 9
18 21 11
23 3 29
4 7 27
5 8 13
4 7 21
2 4 22
23 3 13
6 10 32
13 16 31
10 13 10
22 1 25
4 5 24
18 21 3
3 6 21
12 15 7
23 1 28
10 12 21
10 14 19
5 9 8
5 8 5
1 5 25
10 13 2
12 14 20
15 19 30
20 0 32
21 0 30
15 18 29
14 16 16
17 19 18
8 12 7
23 3 16
18 21 14
6 10 5
3 5 16
1 5 31
18 20 32
0 3 18
4 8 8
20 0 13
7 11 17
19 23 24
1 4 8
10 13 6
12 15 21
15 18 14
15 17 10
6 8 25
21 0 18
3 6 17
16 19 18
6 9 9
5 8 21
7 10 17
22 1 13
2 4 27
21 0 20
1 5 3
0 3 30
4 7 11
16 19 8
22 1 17
15 17 25
23 2 9
11 17 16
8 11 1
1 5 25
10 13 18
8 9 9
19 21 13
16 19 2
16 20 30
1 4 2
22 0 4
12 14 11
12 14 23
7 8 31
22 0 24
18 22 6
13 15 29
4 7 30
22 0 31
20 21 7
20 23 13
4 5 25
22 1 21
13 16 12
0 2 14
14 17 24
0 3 30
8 11 21
10 13 3
0 2 23
10 13 32
7 11 18
17 21 3
12 15 16
14 16 3
11 14 28
5 7 18
9 13 5
9 11 19
10 13 18
11 16 2
4 8 14
17 20 31
10 14 19
2 4 20
15 18 30
13 18 22
10 16 27
11 14 27
1 4 13
21 0 23
23 3 10
3 6 19
11 13 17
1 5 13
16 21 11
2 5 3
6 11 25
10 13 23
0 2 5
18 21 20
12 15 9
13 17 17
5 8 24
17 19 4
16 20 15
9 12 1
19 22 31
17 20 20
3 6 17
2 5 21
9 11 19
21 23 18
23 2 14
6 10 29
0 4 10
20 1 17
7 11 31
20 0 10
14 18 19
21 23 2
18 21 23
2 6 21
23 1 31
20 23 13
0 2 27
19 20 20
22 1 20
7 11 10
16 20 28
10 12 15
21 0 12
15 19 20
2 5 22
11 13 8
18 21 9
3 7 1
8 10 22
1 6 12
11 14 7
2 3 23
3 7 2
0 1 20
5 9 20
21 23 29
1 5 15
1 3 20
10 15 32
5 7 25
9 10 25
15 17 8
11 15 31
11 15 31
6 9 21
12 14 3
14 18 10
11 13 4
8 12 28
1 5 32
3 6 13
23 3 18
9 13 23
5 8 11
0 2 20
23 2 29
14 18 18
0 2 1
5 7 3
20 23 13
4 6 21
4 7 12
9 13 27
21 1 13
7 10 14
14 15 27
1 1 5
16 18 9
10 13 25
17 20 22
9 12 27
17 20 18
10 15 19
9 11 21
13 15 7
10 14 17
15 18 4
5 8 18
23 0 26
14 16 9
17 21 8
22 1 2
8 12 4
19 22 7
23 3 4
14 18 9
19 21 20
5 8 16
23 1 28
4 7 4
7 8 2
20 22 22
19 22 14
23 3 6
19 22 26
18 20 27
1 5 1
11 16 13
17 18 11
22 23 9
12 15 23
10 13 27
3 6 19
9 12 22
5 9 17
21 0 30
6 10 18
13 17 16
19 23 21
10 14 2
16 20 18
20 23 12
6 9 32
9 12 18
22 2 1
2 7 4
15 18 28
7 11 6
14 17 26
19 22 28
3 6 14
10 13 6
16 20 12
20 22 9
22 1 30
9 13 21
0 3 27
2 5 31
21 0 29
6 9 19
15 17 29
19 21 29
7 11 29
16 18 16
13 15 11
3 5 31
0 3 14
5 6 23
16 19 23
8 12 15
19 19 28
12 14 7
15 16 1
12 16 10
2 4 26
1 4 1
11 15 12
20 22 4
2 5 1
11 14 11
10 15 3
15 19 24
19 0 1
12 14 23
1 2 11
17 20 5
6 9 12
16 20 9
13 15 19
8 11 29
13 14 10
15 18 30
9 11 21
9 12 19
12 16 7
11 15 2
14 18 12
12 16 20
16 19 6
3 7 17
9 10 17
1 5 8
3 6 26
2 4 32
12 15 29
14 16 28
9 13 20
7 10 25
20 23 12
22 0 13
16 20 4
6 8 22
23 2 18
23 1 28
20 0 12
3 4 30
18 21 32
3 6 30
19 23 10
6 9 21
21 22 15
23 2 14
14 17 25
2 4 3
6 9 17
17 20 17
17 21 4
6 9 29
3 6 9
23 2 10
5 8 7
7 10 9
18 21 11
11 13 19
17 21 29
4 8 9
23 1 7
20 1 11
0 3 17
5 8 13
21 0 9
22 23 32
9 12 9
11 14 27
18 20 26
1 3 25
20 22 26
4 9 19
8 12 8
11 14 5
20 0 12
1 6 17
11 13 11
10 14 32
23 1 31
3 7 31
22 23 6
14 17 3
21 23 11
14 18 14
21 22 17
8 10 9
1 4 19
3 5 15
4 6 16
8 10 1
20 22 26
0 2 14
20 23 26
12 16 9
4 7 23
14 19 25
22 2 17
9 13 14
9 13 6
12 14 28
10 13 8
9 11 6
14 17 3
17 20 13
21 0 13
17 21 18
2 6 23
14 17 15
1 4 27
5 10 28
3 5 11
1 3 18
23 3 7
18 21 15
1 4 14
23 1 10
11 13 20
16 19 15
9 12 6
16 19 3
22 1 24
6 10 14
12 14 8
17 18 16
5 8 28
21 0 20
18 21 14
9 12 29
9 11 32
7 8 32
8 12 24
12 15 15
2 4 5
1 6 13
21 23 12
22 1 26
18 22 10
8 12 12
14 18 7
0 4 10
11 13 2
18 19 29
8 11 23
14 16 10
12 16 24
1 4 19
3 6 7
3 6 32
7 10 7
5 9 27
23 1 25
16 19 26
13 17 2
19 22 22
9 10 29
2 6 3
19 21 9
1 4 15
6 11 32
6 7 21
8 12 19
21 0 16
21 0 31
6 9 22
10 13 16
11 15 16
9 14 32
5 7 29
11 13 12
20 23 13
5 10 21
3 7 15
16 21 11
1 2 30
15 19 32
1 4 17
0 1 11
12 15 30
5 6 18
10 14 27
6 8 3
18 21 23
10 14 29
11 14 9
12 15 11
6 9 6
15 18 17
9 13 9
5 7 31
14 17 28
20 22 17
1 3 28
0 5 8
0 2 17
23 3 9
12 14 31
19 22 21
17 20 30
23 0 19
20 0 32
8 11 11
14 18 22
1 5 2
8 12 31
15 18 19
20 23 22
0 1 12
9 13 25
13 14 7
0 2 11
14 16 5
12 17 6
16 20 22
20 23 2
12 15 32
13 14 3
5 7 29
11 12 27
23 1 5
9 10 15
0 6 15
3 5 20
1 3 25
15 19 20
1 5 21
22 1 25
20 0 6
22 2 28
10 13 3
2 6 28
7 10 1
4 7 10
17 21 28
3 5 23
2 5 14
16 19 8
11 13 24
4 6 23
8 11 28
17 19 3
19 22 30
3 4 8
5 6 7
19 22 17
21 1 10
5 7 21
23 3 5
1 3 20
3 6 16
11 13 14
7 10 3
8 10 25
9 10 22
0 3 1
3 6 18
6 10 22
16 19 30
22 0 31
13 16 31
18 19 26
19 23 10
20 0 14
16 17 11
2 5 31
18 21 17
13 16 21
4 7 28
21 1 5
6 9 3
11 13 3
14 17 5
15 19 1
11 13 19
12 14 29
13 16 10
2 5 25
21 23 21
23 2 29
11 14 10
0 1 7
6 8 32
18 22 18
15 19 1
1 4 4
21 1 12
0 2 2
7 11 21
10 12 8
16 18 28
22 0 30
16 19 6
23 2 7
20 22 8
21 1 5
11 11 2
3 5 25
16 18 8
3 5 20
0 3 7
5 6 24
22 23 24
21 1 18
10 12 3
5 9 12
16 19 9
2 5 16
17 18 5
17 19 18
11 15 23
18 21 3
16 21 32
12 15 11
23 1 24
1 5 11
13 17 29
21 1 19
21 1 20
2 6 17
14 19 10
10 11 12
13 16 12
1 5 18
11 15 4
8 10 14
12 14 7
10 11 32
11 13 1
8 13 22
22 2 10
0 2 20
17 22 12
10 14 13
9 10 29
9 13 21
19 22 19
21 1 9
0 2 14
20 0 28
17 19 12
21 0 16
12 15 10
17 21 26
16 18 10
20 23 25
15 17 4
22 1 5
0 4 2
23 2 5
0 3 1
10 13 21
13 15 24
11 15 9
10 13 4
6 9 10
15 18 26
10 13 19
3 6 23
14 19 23
1 3 27
17 19 31
20 0 22
19 22 9
0 4 18
6 8 18
1 5 11
5 9 12
14 16 12
3 7 24
7 9 29
13 17 6
9 11 27
19 21 29
6 8 18
9 12 20
2 5 13
11 14 6
22 1 9
18 22 27
17 21 2
17 21 13
2 5 25
7 10 24
21 1 25
21 0 26
1 3 31
9 13 20
8 12 22
3 6 3
12 14 15
22 0 31
4 6 4
19 21 29
5 6 30
11 14 12
15 19 23
18 20 18
3 5 27
12 15 15
10 13 10
17 18 21
21 0 24
11 14 2
23 1 4
12 16 22
5 8 17
13 16 24
2 5 7
12 14 32
19 23 11
7 10 4
12 14 20
8 10 25
10 13 2
13 16 2
3 5 25
11 14 7
9 12 19
7 9 6
22 2 28
11 13 15
5 7 4
11 13 25
22 0 30
8 11 23
2 6 23
16 18 3
9 12 3
9 12 6
6 8 22
19 22 29
20 22 27
20 23 29
4 5 31
22 1 21
15 18 23
6 11 4
5 9 14
16 19 5
8 10 18
21 0 25
12 17 24
3 5 24
3 6 29
16 18 2
23 3 21
7 11 15
8 11 16
12 14 1
19 22 11
3 6 12
0 4 16
17 17 31
5 7 19
23 2 9
3 6 13
21 1 25
15 18 1
21 23 24
5 9 15
1 5 4
2 5 4
22 23 2
1 3 4
0 3 22
10 13 26
9 12 20
3 6 14
15 19 16
18 20 9
21 0 17
19 22 23
14 16 5
4 6 1
10 13 3
2 5 26
10 14 13
12 15 8
7 12 19
13 17 31
23 2 32
6 9 18
23 2 5
9 13 32
11 12 12
18 21 24
3 6 32
16 17 19
15 17 2
20 1 1
7 10 2
22 1 20
7 10 32
13 16 16
12 15 28
3 6 18
8 10 10
14 16 8
16 19 22
11 13 24
