68 8
4 6 5 1 3 6 1 3 
7 11 8
4 8 4
12 14 1
20 23 3
23 2 5
15 18 5
0 4 5
14 15 7
9 12 1
2 6 7
9 14 4
17 20 5
2 4 2
15 16 8
17 20 2
19 21 8
12 14 4
15 20 2
15 17 1
1 4 7
20 23 2
5 8 6
14 18 3
13 14 4
5 8 6
16 19 5
19 22 2
21 23 5
22 22 6
11 12 8
17 20 3
15 19 1
14 16 8
0 3 7
10 14 3
10 12 3
17 20 1
15 18 7
1 3 7
19 22 2
6 11 1
5 8 2
5 8 6
0 3 5
17 19 1
2 5 2
22 3 4
23 1 8
18 23 1
11 14 2
22 1 1
10 13 5
7 12 1
3 6 3
23 2 4
17 21 7
5 8 8
9 13 7
22 1 1
3 5 3
12 15 4
5 5 3
19 21 2
0 3 1
12 15 5
16 18 3
17 20 1
13 18 5
