100 32
21 26 11 6 14 27 30 19 31 4 23 8 12 4 28 26 15 7 3 15 27 4 30 9 13 4 25 8 4 4 29 17 
3 6 25
21 23 7
22 2 7
18 21 15
10 13 10
5 8 12
15 18 11
2 7 16
7 11 24
21 0 21
4 8 28
2 5 8
2 7 22
21 0 23
4 7 12
17 20 10
22 1 30
12 15 20
23 0 13
19 21 6
10 13 6
23 1 15
17 21 4
11 12 12
11 12 16
21 1 30
18 23 15
12 15 24
12 14 12
10 14 17
11 14 2
13 16 5
14 18 24
13 17 16
23 1 25
3 6 3
2 5 32
4 6 10
21 1 15
21 0 18
5 8 26
8 10 8
11 14 1
11 12 31
21 0 2
5 8 18
7 10 2
13 17 1
13 18 3
2 5 21
17 19 5
7 9 24
5 7 31
6 11 26
5 8 26
8 11 21
12 15 31
8 11 11
11 13 11
2 4 14
12 14 21
16 18 31
1 5 28
4 8 13
15 19 27
19 0 29
7 9 18
12 17 20
16 17 18
6 7 22
17 19 23
15 19 25
14 17 8
8 11 5
21 1 4
6 9 6
23 2 31
23 4 1
23 0 5
2 6 6
7 10 9
6 8 24
20 0 27
5 9 2
23 3 2
0 5 11
10 14 23
3 6 24
12 15 8
18 21 2
13 17 6
21 1 29
12 14 18
0 3 2
6 9 29
8 12 1
2 6 5
19 22 11
5 8 20
14 18 28
